54.70666666666666
56.026666666666664
64.74
69.91333333333333
71.78666666666666
72.96666666666667
74.79333333333334
77.16666666666667
78.5
80.74666666666667
81.48
87.58666666666667
98.73333333333333
133.58
134.18
134.6
135.13333333333333
137.49333333333334
142.79333333333332
143.43333333333334
144.46666666666667
145.69333333333333
26.85333333333333
31.826666666666668
29.026666666666667
32.89333333333333
128.14666666666668
141.25333333333333
155.05333333333334
155.34666666666666
162.72
166.11333333333334
174.14
86.06
173.39333333333335
176.01333333333332
82.10666666666667
83.12666666666667
85.68
86.63333333333334
143.14
147.25333333333333
