59.16
59.53333333333333
60.52
80.13333333333334
81.93333333333334
82.98666666666666
83.81333333333333
84.73333333333333
85.34
89.8
92.23333333333333
94.54
103.59333333333333
106.92666666666666
109.38666666666667
110.18
111.42
118.52666666666667
5.1
6.026666666666666
8.246666666666666
22.02
22.82
27.906666666666666
36.0
37.22
45.56
48.4
57.81333333333333
58.68
65.22666666666667
66.15333333333334
73.14
80.04666666666667
82.04
85.7
94.72666666666667
95.60666666666667
96.56666666666666
112.65333333333334
114.77333333333333
120.9
43.98
44.98
46.153333333333336
49.48
52.17333333333333
68.12
72.86
103.81333333333333
106.1
111.78
116.83333333333333
118.18
144.73333333333332
145.12
145.62
146.09333333333333
146.51333333333332
