23.34
13.34
21.72
25.86
31.3
35.46666666666667
58.74666666666667
77.66666666666667
115.66666666666667
123.89333333333333
126.01333333333334
127.12
147.06666666666666
11.413333333333334
22.06
77.06666666666666
82.78
102.33333333333333
121.57333333333334
151.38
160.14
11.413333333333334
22.066666666666666
82.78
80.58
157.06666666666666
10.926666666666666
34.306666666666665
42.946666666666665
15.32
42.14
44.053333333333335
47.873333333333335
52.86
69.35333333333334
69.65333333333334
81.49333333333334
101.17333333333333
104.48
109.36666666666666
110.32
112.14
118.98
124.8
128.54666666666665
141.53333333333333
179.52
124.82
2.52
98.38
149.76
1.42
15.506666666666666
35.85333333333333
41.3
49.873333333333335
77.17333333333333
79.87333333333333
134.72
142.66666666666666
153.50666666666666
163.1
58.64
59.29333333333334
94.43333333333334
109.82
128.08
146.72666666666666
152.06
154.92
109.82
128.08
146.72
152.06
154.92
