20.14
21.526666666666667
25.62
38.66
44.06666666666667
51.62
52.38
52.48
53.13333333333333
61.693333333333335
64.41333333333333
66.6
66.84
69.95333333333333
73.42
75.50666666666666
76.0
77.5
78.64
78.98
79.86
80.96666666666667
83.64
103.62
104.23333333333333
120.46666666666667
122.36666666666666
129.52
137.30666666666667
146.46
163.16
168.04666666666665
173.69333333333333
174.52
9.986666666666666
11.12
12.426666666666666
18.26
19.28
24.953333333333333
32.98
47.85333333333333
53.11333333333334
55.42666666666667
63.526666666666664
65.89333333333333
66.48
74.48
75.70666666666666
83.58
90.4
105.36
114.8
117.2
117.69333333333333
124.49333333333334
125.4
127.33333333333333
129.78
150.74
151.65333333333334
155.84
158.83333333333334
161.1
161.83333333333334
163.45333333333335
0.26
3.7
9.28
13.133333333333333
14.18
24.653333333333332
27.68
34.21333333333333
35.24
42.1
48.11333333333334
50.17333333333333
57.586666666666666
64.07333333333334
66.48
85.98666666666666
100.82
101.66666666666667
102.55333333333333
103.84
120.30666666666667
120.90666666666667
121.57333333333334
122.18666666666667
122.88
128.26666666666668
128.50666666666666
133.66
138.23333333333332
139.26666666666668
140.11333333333334
152.88666666666666
153.44
154.01333333333332
154.78
162.42
167.98
169.22
173.32
174.06
