42.44
51.16
60.04
67.52
80.30666666666667
82.88
83.68666666666667
85.24
87.45333333333333
92.76
101.58
104.07333333333334
106.76666666666667
118.72666666666667
124.04
132.20666666666668
149.13333333333333
175.42666666666668
3.5533333333333332
11.78
24.953333333333333
32.14
49.64666666666667
77.90666666666667
80.54
89.18666666666667
121.41333333333333
130.34
145.29333333333332
152.88
163.36
164.8
177.76
179.66
1.0333333333333334
9.88
18.92
29.813333333333333
34.36
36.67333333333333
57.88
59.16
63.50666666666667
64.74
73.78
103.88
124.98666666666666
131.08
138.72
164.92666666666668
172.50666666666666
